0
6
12
18
24
30
36
42
48
54
60
66
72
78
84
90
96
102
108
114
120
126
132
138
144
150
156
162
168
174
180
186
192
198
204
210
216
222
228
234
240
246
252
258
264
270
276
282
288
294
300
306
312
318
324
330
336
342
348
354
360
360
360.283
360.566
360.849
361.132
361.416
361.699
362.016
362.334
362.651
362.969
363.287
363.637
363.987
364.337
364.687
365.037
365.387
365.737
366.087
366.437
366.787
367
367
367.029
367.03
367.03
367.059
367.059
367.059
367.059
367.059
367.06
367.06
