367.56
367.57
367.57
367.66
367.66
367.76
367.86
367.96
368.06
368.16
368.26
368.36
368.46
368.56
368.66
368.76
368.86
368.96
369.06
369.16
369.26
369.36
369.46
369.56
369.66
369.76
369.86
369.96
370.06
370.16
370.26
370.36
370.46
370.56
370.66
370.76
370.86
370.96
371.06
371.16
371.26
371.36
371.46
371.56
371.66
371.76
371.86
371.96
372.06
372.16
372.26
372.36
372.46
372.56
372.66
372.76
372.86
372.96
373.06
373.16
373.26
373.36
373.46
373.56
373.66
373.76
373.86
373.96
374.06
374.16
374.26
374.36
374.46
374.56
374.66
374.76
374.86
374.96
375.06
375.16
375.26
375.36
375.46
375.56
375.66
375.76
375.86
375.96
376.06
376.16
376.26
376.36
376.46
376.56
376.66
376.76
376.86
376.96
377.06
377.16
377.26
377.36
377.46
377.56
377.56
377.66
377.76
377.86
377.96
378.06
378.16
378.26
378.36
378.46
378.56
378.56
378.66
378.66
378.76
378.76
379.26
379.76
379.76
381.10
382.44
383.79
385.13
387.14
389.16
392.18
395.19
399.72
404.25
410.21
416.17
422.13
429.67
437.20
444.74
454.12
463.49
472.86
484.59
496.32
508.05
522.86
537.66
552.47
571.30
590.14
608.97
619.76
